100
6 9 1 8
748
4 7 6 0 5
619
8 0 1 7
144
4 8 6 2 5 0
486
8 7
266
3 6 8 1
270
9 2 4 7
453
5 1 9 4
864
3 9 2 1 8
277
3 7 0
878
8 5 3 1 4 7
319
5 9 1 4 2 3 0
694
6 7 9 0 2 4 5 8
127
7 8 6 0 1 3 5
427
4 9 7 2 0
94
3 5 8 2 6
58
4 1 8 3 9 6
380
2 3 5 0
727
4 7 2 1 9 6 8
584
1 5 6 7 8 2 9 0
414
4 7 8 2
436
1 6 3 0 5 2 4
272
8 5 7 9 4 1 2 0
338
6 7 0
810
8 5 6 0 1
534
7 1 5
285
5 8 2 1 6 7 3 4
120
5 3 0 7 9 1
436
8 1 2 4
683
8 9 5 6 1 3 4
929
1 4 0 8 3 7
996
8 1 4
502
6 1
95
9 2 4 7
778
5 7 4 0 6
190
1 8 0 2 3
456
9 0 4 6
24
6 9 4 0
71
2 3 9 7 8 0 4
37
9 7
758
3 6 2 0
894
5 0 4 8 7 2 1
362
1 6 8 9 0 5
857
5 8 7 9 1 3 2
794
4 8 0 5 2 3
935
7 5 6 0 1 3
399
5 6 3
685
7 8 1 9 3 5 4
327
9 6 0 5 3 8
513
5 1 7 8 3
902
5 4
665
8 7 1 4 0 6
890
8 2 5 9 7
885
8 4
418
1 5 6 2 8 0 4 7
643
7 5 3 9 4 8
190
5 9 2 7 4 1
587
7 4 2 3
541
8 3 0 1 5
665
8 1 3 6
234
2 4 1 9 3
457
2 3 9 1 5
522
7 4 8 1 2 6
580
5 0 7 2 6
13
5 7 0 1 4
6
8 3 4 1 2 5
570
9 6 2 4 3 8
589
3 9 1
627
8 6 0 5 1
245
9 6 1 5 3
166
9 7 5 1 3 2
949
5 9 1 7
437
5 7 4
597
9 0 7 3 4
385
7 6 1 0 5 3
560
8 6 4 1 3 2
396
7 2 6
80
2 8 7 0 6 5
797
7 1
599
9 0 3 7
890
4 5 1 9 3 2 6
21
6 0 5 8 7 3 4 1
180
6 9 5 8
752
4 9 7 1 6
547
5 8 9 3
157
4 5 7 2
651
4 6 0
976
2 9 6 0 7 4 3
756
9 4 8 1 0 7
598
4 1 3
531
7 4 2 8 1 3 5
222
8 5 6 7
205
9 2 8 4 5 3 6
483
3 8 2 1 5
726
2 3 4 7 1
935
1 7 0 2
741
3 4 5 8 0
249
2 8 3 4 6 1 0
901
4 7 9 2 8 6 5 3
832
7 9 0
233
