100
8 2 9 7
497
6 0 5
303
3 5 8 2 9 1 7 0
447
7 2 3
657
8 5 2 1 3
714
5 9 4
838
7 0 8 2 1
427
7 4 5
513
5 2
949
7 4 9 1 5 0
40
8 2 7 3 5
130
6 5 9 3 2
423
9 0 2 4
585
9 8 7 1 5 2
677
5 2 3
249
8 0 2 7
541
3 8 4 1 0 5 6
125
8 6 0 5 3
167
7 0 5 9 6
82
9 5 8 1 6 2
209
2 0 8 1 7
378
7 2 5 6
777
3 1 7 8 9 2 4
611
3 0
68
8 9 6
881
7 5 6 0 1 3
234
9 0 1 2 7
413
5 0 8 1 9 6
614
5 0 9 7 4 2
159
2 7 0 8 4 3
155
6 0
76
8 6 7 1 9 2
552
3 5 6 1
664
5 9 1 6
752
5 8 1 0 3 4 6
699
6 2 4 7 5
105
4 5 8 0 3 6
393
6 1 2
98
3 6 4 2 7 1
979
2 5 7 0 1
768
2 5 3 1 7 8 0
169
3 8 1 2 0 4 5
868
2 0 7 8 1
578
5 2 3 0 1
252
6 7 3 4 8 9 1
30
4 6 2 7 0 3
377
7 8 5 6 2
405
8 5 6 2 4
115
8 0 6 3 2 5 4 7
62
5 9 2 0 8
711
7 4 9 2 1 0
172
6 1 7 5 9 4 8
826
6 4 1 9 3
27
5 3
595
2 3 6 1 5
368
1 4 6 2 3 0 5
732
3 8 1 6 0 5
475
8 2 0 4 1 3
444
5 6 4 0
482
9 0 5 2 4
388
2 6 1 8 7 9 0 3
168
9 1 5
523
2 7 1 8 0
89
7 5 6
555
8 6 0 9 7 5
846
8 1
479
1 3 4 5 9 0
76
9 1
687
8 0 1 4 5
78
4 9 2 0
682
6 9 5
372
6 4 2 9 3
633
2 7 5 8 4 0 3 6
218
7 1 3 6
778
5 3 6 1 9 0
431
7 8 3
901
6 9 5 3 8
216
8 0 5
672
3 9 1 4 2 8 6 0 7
829
4 7 6 0 8 5 1
22
9 2 7 8
678
8 2 3
653
7 0 4 2 9 3
880
1 7 0 3 6
558
3 5 1 8 0 7
864
6 3 1 7 0 8 5 2
939
7 8 5 1
703
8 0 2 7 3 6
348
9 0 7 8
775
5 7 2 9 6
600
6 7 5 9 0
152
4 8 7 2 6
936
7 3
428
4 8 3 5 6
67
2 7 1
917
7 5 2 3 6
514
4 1 5 9 3 7
480
8 0 3 5
222
8 7 1 0 3
430
1 7 0 5
530
