100
6 2 0 8 1
791
1 8 6 4 0 5
701
3 6 1 7 8 5
167
7 1 2
47
3 4 9 2
136
6 4 8 3 2 5 0
64
8 9 1 3 2 6 4
880
7 9 1 8 3 6
42
2 8 1 0
468
4 0 2
547
7 8 0 4 9 5 2
617
2 9 8 0 7
988
5 1 8 4 3
911
2 3 7 6 0 5
106
4 8 7 1 9 0
50
5 6 8 0 4
233
8 5 7
63
1 3 5 0
634
9 6 8 4 5
974
5 8 3 0
620
7 6 4 9 5
849
9 5 3 4
858
8 9 3 7 2 0 1 5
536
3 6 2 7 8 0
395
7 2 3 4
216
2 3 6 1 4
746
8 6 7 1 4
406
1 8 6 7 0 2
215
5 6 1 9 0
957
8 1
855
4 2 3
776
5 9 0 8
586
3 9 6 1 4 7
512
9 4 0 2 6 8
322
6 9 0
134
8 7 5 2 4 0 6
143
6 4 9 8 3 0 1
705
6 4 0 3
161
6 2 8 1 4 0
937
4 0 2 5 3
419
3 7 5 2 9 1
313
9 8
320
1 9 3 7 0 2
116
2 6 7 1 9 5 4
552
7 6 0 5 3
346
7 0 2
81
8 1 4 2 3 7
877
7 8 9 3
302
9
74
4 6 3 9 5 7
989
1 4 0 3
835
6 3 0 7 8 2
575
1 7 0 2 3
21
7 1 9 4
9
5 8 1
995
5 7 9 0 6 2
395
9 7 4 6
796
4 6 2
784
9 5 1 0 2 8
978
5 0 2 7 3
944
3 8 0 4 5
836
3 0 7 2 6
881
4 3 8 7 0 2 6
194
1 6 4 0 8 3
118
4 7 3 9 5
729
8 0 4 5 6
841
6 4 1 9 2
329
7 9 0 2 1 3 8
795
3 6 9 0 2 7
620
3 5 9 0 6 8
522
5 8 0 2 3 6
260
7 8 2 5 9 0
531
4 0
102
5 6 3
202
5 4 8 1 0 6
565
8 2 7
201
4 0 7 1
26
8 7 3 6
105
4 1
668
4 2 7 3
551
6 0 7 3
69
7 0 2 4
333
7 9 6 4 8
793
5 7 6 2 0
378
5 9 3 4 0 7
572
4 0 1 2 5 8 3
811
2 0 5 1 9 3
475
9 4 1 3 2 6
671
5 3 7 9 4
588
2 9 1 4 5 8
45
9 4 1 2
152
5 4 7 0 2 1
329
3 4 5 6 7 1 2
564
8 3 6
909
6 3 4 0 2
725
2 8 7 0 6 9 5
529
9 6
376
6 2 9 4
460
9 6 1 0 4 8 5 3
150
6 5 3 7 9 0 4
520
