100
2 4 6 9 7 5 1 8
428
7 5 9 8 4 1 3
639
9 5 8 1 2
977
2 7 9 0 8 4 1
730
3 0 9 1 4
409
4 9 2 0 7 5 6
462
9 7 1 5 3 0 4
923
2 6 1 7 0
46
5 8 2
614
2 9 7 8 3 4 0 5 6
174
3 0 1
955
7 9 5 4
455
5 7 4 9 8 6 2
123
7 1 6 2 3
667
5 3 0 2
3
6 7 4 0
531
8 0 9 4 3
470
2 8 1 4
657
5 8 4 6
812
6 3 8 9 1 5 0
769
3 6 2 1 5
677
3 7 9 4 2 8
384
2 9 5 6 0 4 8
37
9 8 3 0 1 2 7
950
8 2 3
556
6 0 2 3 9 5
535
8 5 0 4 2 6
52
7 0 4 6
677
9 8 0 5
185
3 5 0 8 4
972
6 7 2 0
472
4 8 1 5
185
1 5 0
493
3 9 5 1 4 6 7
278
8 7 4 2 6
50
7 6 8 1 9 3 4 0
215
2 8 0 3 4 7
621
8 2 4 7 9 1 0
368
5
480
4 7 8 0 3
716
7 3 4 5 0 2
88
2 3 8 1 4
309
2 4 0 5 7 8 3
945
5 6 2 8 0
526
6 3
510
5 6 2 3 0
201
8 0 1
241
2 3 5 0
744
3 0 8 1 6 7
230
5 2 3 4
983
5 7 2
491
6 7 8 0 3 1 5 4
400
5 7 3 0
890
2 4 8 9 0 3 1
333
7 0 8 3
161
2 0 7 4 5 1 3
887
2 8 1 0 7
271
9 0 6 1 5 2
272
8 4 1 9 7 3
223
6 0 9 1
453
5 9 4 3 6
520
4 9 2 6
449
7 1 2 4
588
4 2 3 0 1
203
4 7 3 8 9 0
96
7 8 2
672
5 7 3
301
8 2 7 4 9 6
141
1 9 0 5 2 3 6
349
4 7 8 5 1
793
7 3 4
226
4 9 0 2 3 8
267
8 1 5
118
6 1 2 4 5
299
1 9 3 0 6 8 2 5
639
2 7 1
812
8 0 2 5
158
2 7 4 5 0 8 3
37
9 0 2 3 8
518
9 1 2 7
151
5 6 4 2
335
2 6 9 7 4 3 0
433
9 4 8 1 3 2 7 5
783
2 6 8 9 0
154
1 3 9 0 4
606
4 1
824
8 0 7 6 9 2 4 3
508
4 7 3 2
676
3 0 6 7 1 5 9 2
529
1 3 7 2 9 6 0
311
8 4 6 7
48
8 6 0 5 1
944
5 4 2 6 7 3
589
9 0 2 6
986
7 0 4 1 3
662
7 5 6 8 3 1
958
8 9 7 5 6 2
671
7 9 8 5 1
297
6 8 3 9 7 0
415
4 8 5 3 9 7 1
133
