100
4 5 8 3
561
6 9 3 8 4 5
734
7 3 5 6
274
8 1 3 7
148
9 4 3 1 0 2 8
809
6 4 9 3 1 0
544
9 5 6
516
9 1 5
5
1 9 6 0 3
821
8 6
44
2 4 5 3 0
686
7 8 2 3 6
254
6 3 5
593
5 0 9 8 3 2
931
8 6
633
4 6 3 5
936
6 4
531
8 2 4 5 7
670
9 7 0 6 8
24
6 2 7 5 4
779
7 0 3 9 6 5 8
840
6 0 9 4
212
9 5 6 1 2 4 8
931
2 7 6 0 1 8 4
248
7 6 0 8 5
528
3 2 8 1 5 7 0 4
979
8 1 9 7
951
7 9 5 6 2
494
3 9 8 1 7 6
588
9 8 1 6 5
550
5 8 4 0 2 3
28
2 4 0 5 9 3
598
3 9 1
257
8 5 1 0 9 3
57
8 3 1 5 9 4 2
768
9 6 7
717
9 6 2 0 4 3
870
9 7 1 6 5
395
5 0 4 1 9 3 8
172
2 5 0
697
3 6 0 4 1 2
669
5 4 7 3 8 0 1
336
9 0 1 8 2 7 4
301
2 6 0 3
360
4 3 8 9 1 5 2
23
5 4 1 2
614
2 7 4 5 8 1 3 6
273
5 4 0 3
652
3 4 9 1
703
8 4 2 9 3
883
5 9 0 7
236
6 8 1 3 4
788
8 9 0 3 7
393
3 6 1 7 9 4
280
7 5 6 3 1 2
969
5 9 2 0 6
178
9 7 3 2 5
980
6 3 0 7 2
536
5 7 8 4
159
8 5 7 0 1 2
117
3 6 2 1 9 5
486
7 4 8 5 2 0 1 6
617
8 1 5
742
3
810
8 2 4
864
7 0 5 6
461
1 7 0 3
110
4 8 9 3 1 7
442
1 7 0 8 3
881
6 9 0 4 1 3 2
824
7 0 4 6
538
9 6 8 2 7 4
737
4 7 9 2 3 0
932
3 6 7 9 0 4
133
1 7 0
743
9 1
457
5 7 0
703
3 5 7 1 9 2 4
342
9 7 8
129
5 1 2 6 7 4
271
9 3 6 7
488
5 8 9 2
929
2 3 9 1 6
4
3 9 6 7 4 2 0
919
6 1 8 2
898
3 1 8 6 2 4
574
7 8 5 2 3 6 1
840
4 6 5 7 0 8 1
382
4 0 6 3 8 2
120
9 0 8
202
9 6 3 5
872
9 8 4 2 0 3
323
9 1 8
777
7 9 6 3 8 4 5 0
610
7 6 0 2
308
5 6 7 4
999
7 1 3 5
754
9 0 2 4 7
881
5 2 9 3
15
9 7 2 0 5 4
749
